0,0.0175351654918
1,0.0140270628527
2,0.0137061585484
3,0.013689765654
4,0.0135358583032
5,0.0134400605548
6,0.0133944149622
7,0.0134246210522
8,0.0133203087445
9,0.0134048917741
10,0.0134298439191
11,0.0134649951465
12,0.0134582286936
13,0.0133666971354
14,0.0134968887852
15,0.0136836918271
16,0.0135459248643
17,0.0134798361855
18,0.0135053110474
19,0.0134554142467
20,0.0134680813127
21,0.0135317243284
22,0.0135208540523
23,0.0135405716092
24,0.0135496358012
25,0.0136420829239
